0 0.005891241055171843
1 0.0029612587150947296
2 0.007524035748839733
3 0.014309575072483755
4 0.014271612020851464
5 0.008523641275856494
6 0.009416320507030488
7 0.00580224663462069
8 0.0063079595063874495
9 0.004659020749112433
10 0.006771791336048035
11 0.006190948384970135
12 0.00724442488935505
13 0.009899116753156025
14 0.009312173720380264
15 0.007229936090162362
16 0.0031287867985371532
17 0.011999296053934105
18 0.00217194322294053
19 0.008204997549671883
20 0.0028766001922314716
21 0.0061048554610783545
22 0.002959822613421227
23 0.012302550654795387
24 0.004220194294032707
25 0.003350801626367968
26 0.008069183327278767
27 0.0028478608127221763
28 0.0056375069039669755
29 0.009919865929008636
30 0.005896478679066398
31 0.006138652676763316
32 0.002053414768085835
33 0.002370303435089398
34 0.004219463903617137
35 0.018445688708316633
36 0.007490290186470852
37 0.009929773981945259
38 0.005355707557562781
39 0.006338259766050102
40 0.007495228191082457
41 0.005709014507998554
42 0.009185682119398629
43 0.007446268063208396
44 0.005052156044338212
45 0.0065764027521674675
46 0.0017734666368644791
47 0.0039425830361326
48 0.008373460654335599
49 0.0021311032977059828
50 0.007337711909152246
51 0.008383813628122265
52 0.01535565065425486
53 0.003094914590974709
54 0.006973016685406276
55 0.007260524928856214
56 0.003682629856381065
57 0.0017987529712833069
