0 0.007510993554951665
1 0.0031873190770049177
2 0.007986223619143744
3 0.014162785903443557
4 0.015067849534657094
5 0.00958599543800447
6 0.010443755539292686
7 0.006421221585571074
8 0.007945171627571837
9 0.005069957596989015
10 0.007855263774638759
11 0.006327762914014095
12 0.009580537754080463
13 0.010616217343748088
14 0.010216774127057609
15 0.0076551052342780845
16 0.0028940930194065436
17 0.012321291927039724
18 0.0019685781021478712
19 0.00906617644192771
20 0.002854781240840418
21 0.006348493717828942
22 0.0025943178754071292
23 0.012039274467023976
24 0.005520254129628068
25 0.0038200442863863884
26 0.008063180362627494
27 0.00286046407441207
28 0.006399767726454112
29 0.011739698322828358
30 0.00455879807055551
31 0.007225572295619696
32 0.002312372024503908
33 0.0023773602691454744
34 0.0047519504117033914
35 0.017740727048226167
36 0.008423659079653267
37 0.010386896852448169
38 0.006135428795280856
39 0.006520034457198004
40 0.00889642586806916
41 0.006101879121241449
42 0.011059693658739407
43 0.007512537362780051
44 0.00547645119013777
45 0.007379125117660738
46 0.002080709929287356
47 0.005212754030760327
48 0.00947432932837073
49 0.0023086630584392798
50 0.007290728841514368
51 0.009536743597586059
52 0.01698808048326482
53 0.003294818205788305
54 0.007708867771702018
55 0.007509687981899809
56 0.004135490016935875
57 0.0021532747126093116
